==== Báo cáo phân loại ====
              precision    recall  f1-score   support

     Class 0     1.0000    1.0000    1.0000        44
     Class 1     0.9911    0.9911    0.9911       448
     Class 2     0.9888    0.9910    0.9899       444
     Class 3     0.9805    0.9967    0.9885       303
     Class 4     0.9973    0.9920    0.9947       377
     Class 5     0.9467    0.9816    0.9638       380
     Class 6     1.0000    0.9878    0.9939        82
     Class 7     0.9938    0.9696    0.9815       329
     Class 8     1.0000    0.9627    0.9810       268
     Class 9     0.9967    0.9901    0.9934       304
    Class 10     0.9922    1.0000    0.9961       382
    Class 11     0.9963    0.9926    0.9945       272
    Class 12     0.9882    0.9976    0.9929       419
    Class 13     0.9977    1.0000    0.9989       435
    Class 14     0.9933    1.0000    0.9967       149
    Class 15     1.0000    0.9872    0.9935       156
    Class 16     1.0000    1.0000    1.0000        94
    Class 17     1.0000    1.0000    1.0000       217
    Class 18     0.9839    1.0000    0.9919       244
    Class 19     1.0000    1.0000    1.0000        44
    Class 20     0.9870    0.9744    0.9806        78
    Class 21     0.9833    0.9833    0.9833        60
    Class 22     1.0000    1.0000    1.0000        82
    Class 23     1.0000    0.9623    0.9808       106
    Class 24     1.0000    0.9655    0.9825        58
    Class 25     1.0000    0.9968    0.9984       317
    Class 26     0.9905    0.9720    0.9811       107
    Class 27     0.9762    1.0000    0.9880        41
    Class 28     0.9333    1.0000    0.9655        98
    Class 29     0.9750    0.9750    0.9750        40
    Class 30     0.9885    0.9556    0.9718        90
    Class 31     0.9929    0.9929    0.9929       140
    Class 32     0.9808    1.0000    0.9903        51
    Class 33     0.9921    0.9921    0.9921       126
    Class 34     0.9701    1.0000    0.9848        65
    Class 35     0.9957    1.0000    0.9978       229
    Class 36     1.0000    1.0000    1.0000        78
    Class 37     1.0000    1.0000    1.0000        35
    Class 38     1.0000    0.9878    0.9938       409
    Class 39     1.0000    0.9841    0.9920        63
    Class 40     0.9880    1.0000    0.9939        82
    Class 41     1.0000    0.9800    0.9899        50
    Class 42     1.0000    1.0000    1.0000        46

    accuracy                         0.9904      7842
   macro avg     0.9907    0.9898    0.9902      7842
weighted avg     0.9906    0.9904    0.9905      7842